0.0000 101.0000 21.6000 2.0000 1.0000 77.0000 11.0000 1.0200 16.5465 1.1000 0.9000 0.0000 0.0000 0.0000 0.0000 0.0000 0.0000 0.0000 0.0000 0.0000
1.0000 102.0000 21.6000 2.0000 1.0000 77.0000 11.0000 1.0200 16.5465 1.1000 0.9000 0.0000 0.0000 0.0000 0.0000 0.0000 0.0000 0.0000 0.0000 0.0000
2.0000 151.0000 500.0000 1.0000 1.0000 1.0000 1.0000 1.0119 10.8886 1.1000 0.9000 0.0000 0.0000 0.0000 0.0000 0.0000 0.0000 0.0000 0.0000 0.0000
3.0000 152.0000 500.0000 1.0000 1.0000 1.0000 1.0000 1.0171 -1.1152 1.1000 0.9000 0.0000 0.0000 0.0000 0.0000 0.0000 0.0000 0.0000 0.0000 0.0000
4.0000 153.0000 230.0000 1.0000 1.0000 1.0000 1.0000 0.9930 -3.2357 1.1000 0.9000 0.0000 0.0000 0.0000 0.0000 0.0000 0.0000 0.0000 0.0000 0.0000
5.0000 154.0000 230.0000 1.0000 1.0000 1.0000 1.0000 0.9389 -9.8857 1.1000 0.9000 0.0000 0.0000 0.0000 0.0000 0.0000 0.0000 0.0000 0.0000 0.0000
6.0000 201.0000 500.0000 1.0000 2.0000 2.0000 22.0000 1.0400 6.1598 1.1000 0.9000 0.0000 0.0000 0.0000 0.0000 0.0000 0.0000 0.0000 0.0000 0.0000
7.0000 202.0000 500.0000 1.0000 2.0000 2.0000 2.0000 1.0088 -1.3173 1.1000 0.9000 0.0000 0.0000 0.0000 0.0000 0.0000 0.0000 0.0000 0.0000 0.0000
8.0000 203.0000 230.0000 1.0000 2.0000 2.0000 2.0000 0.9665 -6.9181 1.1000 0.9000 0.0000 0.0000 0.0000 0.0000 0.0000 0.0000 0.0000 0.0000 0.0000
9.0000 204.0000 500.0000 1.0000 2.0000 2.0000 2.0000 0.9787 -3.7332 1.1000 0.9000 0.0000 0.0000 0.0000 0.0000 0.0000 0.0000 0.0000 0.0000 0.0000
10.0000 205.0000 230.0000 1.0000 2.0000 2.0000 2.0000 0.9490 -9.1798 1.1000 0.9000 0.0000 0.0000 0.0000 0.0000 0.0000 0.0000 0.0000 0.0000 0.0000
11.0000 206.0000 18.0000 2.0000 2.0000 2.0000 22.0000 1.0236 -2.9699 1.1000 0.9000 0.0000 0.0000 0.0000 0.0000 0.0000 0.0000 0.0000 0.0000 0.0000
12.0000 211.0000 20.0000 2.0000 2.0000 2.0000 22.0000 1.0404 12.9203 1.1000 0.9000 0.0000 0.0000 0.0000 0.0000 0.0000 0.0000 0.0000 0.0000 0.0000
13.0000 3001.0000 230.0000 1.0000 5.0000 5.0000 55.0000 1.0298 -1.3728 1.1000 0.9000 0.0000 0.0000 0.0000 0.0000 0.0000 0.0000 0.0000 0.0000 0.0000
14.0000 3002.0000 500.0000 1.0000 5.0000 5.0000 5.0000 1.0279 -1.8253 1.1000 0.9000 0.0000 0.0000 0.0000 0.0000 0.0000 0.0000 0.0000 0.0000 0.0000
15.0000 3003.0000 230.0000 1.0000 5.0000 5.0000 5.0000 1.0233 -2.2538 1.1000 0.9000 0.0000 0.0000 0.0000 0.0000 0.0000 0.0000 0.0000 0.0000 0.0000
16.0000 3004.0000 500.0000 1.0000 5.0000 5.0000 5.0000 1.0165 -3.4290 1.1000 0.9000 0.0000 0.0000 0.0000 0.0000 0.0000 0.0000 0.0000 0.0000 0.0000
17.0000 3005.0000 230.0000 1.0000 5.0000 5.0000 5.0000 0.9948 -5.1800 1.1000 0.9000 0.0000 0.0000 0.0000 0.0000 0.0000 0.0000 0.0000 0.0000 0.0000
18.0000 3006.0000 230.0000 1.0000 5.0000 5.0000 5.0000 0.9940 -3.7922 1.1000 0.9000 0.0000 0.0000 0.0000 0.0000 0.0000 0.0000 0.0000 0.0000 0.0000
19.0000 3007.0000 230.0000 1.0000 5.0000 5.0000 5.0000 0.9637 -8.5380 1.1000 0.9000 0.0000 0.0000 0.0000 0.0000 0.0000 0.0000 0.0000 0.0000 0.0000
20.0000 3008.0000 230.0000 1.0000 5.0000 5.0000 55.0000 0.9586 -9.0489 1.1000 0.9000 0.0000 0.0000 0.0000 0.0000 0.0000 0.0000 0.0000 0.0000 0.0000
21.0000 3011.0000 13.8000 3.0000 5.0000 5.0000 55.0000 1.0400 0.0000 1.1000 0.9000 0.0000 0.0000 0.0000 0.0000 0.0000 0.0000 0.0000 0.0000 0.0000
22.0000 3018.0000 13.8000 2.0000 5.0000 5.0000 55.0000 1.0218 -4.0804 1.1000 0.9000 0.0000 0.0000 0.0000 0.0000 0.0000 0.0000 0.0000 0.0000 0.0000
